
SNPS found in Haplotree
10
26
41
47
55
57
58
61
62
63
64
65
66
72
73
89
92
93
94
95
103
114
125
127
128
131
146
154
159
182
184
191
193
197
199
203
207
215
217
222
225
226
227
228
234
235
236
237
239
240
241
242
250
252
261
263
265
271
279
280
282
285
293
294
295
299
321
324
325
326
327
329
335
338
340
373
374
375
385
390
398
408
418
430
431
437
444
447
456
458
459
461
462
463
464
466
467
469
471
477
480
481
482
485
489
493
494
497
499
507
508
509
511
513
533
534
535
537
547
549
553
569
571
572
591
593
597
606
629
644
654
656
663
669
676
678
680
681
710
711
719
721
722
723
732
735
739
740
742
752
789
793
794
813
825
850
851
856
862
868
869
870
896
921
942
951
953
954
959
961
978
979
980
988
990
1002
1005
1007
1008
1018
1040
1041
1047
1048
1107
1119
1148
1189
1193
1222
1243
1291
1303
1342
1382
1391
1393
1406
1413
1415
1420
1438
1442
1452
1462
1472
1503
1524
1536
1537
1541
1598
1618
1664
1686
1692
1694
1700
1703
1706
1709
1719
1721
1763
1766
1780
1804
1808
1811
1819
1822
1836
1842
1850
1872
1888
1977
1978
2010
2045
2056
2071
2074
2080
2083
2092
2141
2156
2158
2159
2217
2218
2220
2245
2246
2251
2259
2263
2282
2283
2294
2308
2315
2322
2330
2332
2355
2358
2361
2380
2387
2389
2392
2397
2405
2416
2417
2442
2483
2526
2581
2626
2702
2706
2707
2735
2755
2757
2758
2763
2766
2768
2772
2789
2833
2835
2836
2850
2863
2880
2885
3010
3027
3083
3105
3116
3140
3192
3197
3200
3202
3203
3204
3206
3210
3212
3221
3254
3290
3307
3308
3316
3330
3333
3336
3337
3338
3342
3348
3357
3360
3372
3381
3384
3387
3391
3394
3396
3398
3411
3421
3423
3434
3435
3438
3450
3480
3483
3486
3492
3495
3496
3497
3498
3504
3505
3507
3511
3513
3516
3523
3531
3535
3537
3543
3546
3547
3549
3552
3558
3564
3565
3571
3576
3582
3591
3593
3606
3613
3618
3630
3644
3645
3666
3672
3675
3687
3688
3693
3705
3714
3720
3729
3738
3741
3745
3753
3756
3759
3766
3768
3777
3783
3796
3816
3817
3819
3822
3826
3834
3843
3847
3849
3852
3861
3866
3873
3882
3894
3906
3912
3915
3918
3921
3927
3936
3948
3969
3970
3972
3975
3981
3987
3992
3999
4011
4012
4020
4023
4024
4025
4026
4038
4044
4048
4059
4062
4071
4079
4080
4086
4092
4093
4099
4104
4107
4113
4117
4122
4129
4131
4132
4136
4140
4158
4161
4164
4167
4170
4171
4185
4188
4194
4200
4204
4218
4221
4225
4230
4232
4233
4248
4257
4260
4295
4310
4312
4313
4317
4335
4336
4342
4343
4350
4363
4386
4388
4394
4418
4435
4452
4454
4491
4496
4502
4506
4508
4525
4529
4538
4541
4553
4561
4562
4580
4592
4596
4598
4612
4616
4639
4643
4646
4680
4688
4696
4697
4703
4706
4709
4711
4715
4727
4732
4734
4735
4736
4742
4745
4755
4763
4767
4775
4793
4811
4814
4820
4823
4824
4833
4843
4853
4856
4859
4883
4884
4895
4904
4907
4917
4924
4928
4936
4937
4949
4958
4959
4960
4964
4967
4973
4976
4977
4991
5004
5021
5024
5027
5036
5046
5048
5051
5063
5069
5074
5076
5081
5082
5087
5093
5096
5100
5108
5111
5118
5120
5124
5127
5147
5153
5157
5194
5198
5201
5206
5213
5231
5234
5237
5240
5250
5252
5261
5263
5267
5276
5277
5285
5291
5300
5301
5302
5315
5319
5321
5324
5331
5333
5342
5351
5375
5378
5387
5390
5393
5417
5420
5423
5426
5437
5442
5460
5465
5466
5471
5480
5483
5493
5498
5503
5510
5539
5553
5557
5558
5563
5567
5568
5581
5583
5584
5585
5586
5587
5592
5601
5603
5618
5628
5633
5656
5686
5704
5711
5744
5746
5747
5752
5780
5783
5788
5790
5811
5814
5821
5823
5824
5826
5836
5839
5843
5846
5894
5910
5911
5951
5964
5978
5984
5985
5987
5999
6002
6018
6023
6032
6040
6045
6047
6053
6071
6077
6083
6092
6113
6116
6131
6146
6150
6164
6167
6173
6179
6182
6185
6216
6221
6227
6231
6237
6248
6249
6253
6254
6257
6260
6261
6266
6267
6272
6281
6284
6285
6293
6296
6297
6305
6308
6311
6332
6338
6340
6351
6359
6365
6371
6374
6378
6383
6392
6401
6413
6425
6446
6455
6461
6464
6473
6480
6485
6488
6489
6491
6515
6518
6527
6531
6548
6554
6557
6563
6599
6602
6614
6620
6629
6632
6635
6641
6644
6647
6653
6663
6671
6674
6680
6683
6689
6713
6719
6734
6737
6752
6755
6770
6776
6791
6794
6806
6827
6842
6881
6899
6905
6911
6917
6923
6929
6932
6935
6941
6956
6960
6962
6974
6975
6989
7001
7002
7028
7046
7049
7052
7076
7080
7094
7118
7124
7129
7142
7150
7151
7154
7158
7175
7184
7193
7202
7220
7226
7229
7235
7241
7250
7256
7268
7269
7270
7271
7274
7278
7283
7299
7307
7309
7310
7313
7337
7343
7356
7364
7376
7385
7388
7389
7394
7403
7419
7424
7444
7445
7468
7471
7472
7476
7490
7493
7498
7533
7559
7569
7581
7598
7600
7609
7621
7624
7642
7645
7648
7657
7664
7669
7673
7678
7681
7684
7694
7697
7705
7729
7738
7757
7759
7775
7783
7792
7804
7805
7819
7828
7830
7843
7844
7849
7852
7853
7859
7861
7864
7867
7870
7873
7897
7909
7912
7927
7930
7933
7954
7960
7961
7963
7972
7975
7978
7999
8002
8005
8014
8020
8026
8027
8047
8056
8071
8084
8104
8108
8116
8119
8140
8149
8152
8155
8158
8164
8179
8188
8191
8200
8206
8222
8245
8251
8260
8264
8271
8277
8281
8286
8291
8292
8296
8308
8311
8343
8345
8348
8360
8379
8386
8387
8388
8389
8392
8393
8395
8396
8400
8404
8405
8406
8407
8410
8414
8419
8428
8433
8440
8448
8450
8453
8455
8459
8460
8467
8468
8472
8473
8478
8485
8502
8503
8508
8509
8512
8519
8521
8522
8527
8530
8541
8557
8562
8563
8566
8567
8572
8573
8575
8582
8584
8594
8596
8597
8598
8602
8603
8604
8607
8610
8614
8616
8618
8631
8634
8646
8649
8655
8658
8659
8668
8676
8679
8683
8684
8697
8703
8704
8715
8723
8734
8754
8762
8764
8784
8790
8793
8794
8805
8812
8817
8818
8829
8838
8839
8842
8843
8844
8848
8853
8854
8856
8859
8860
8865
8867
8868
8869
8870
8877
8886
8887
8895
8901
8906
8910
8911
8913
8925
8934
8937
8938
8946
8950
8962
8964
8973
8974
8975
8982
8987
8988
8994
9006
9007
9012
9061
9064
9066
9067
9070
9072
9077
9078
9079
9080
9083
9090
9091
9093
9094
9097
9098
9110
9111
9115
9116
9117
9120
9127
9128
9136
9139
9140
9148
9150
9151
9156
9165
9174
9180
9181
9182
9186
9192
9196
9201
9210
9221
9224
9230
9233
9242
9254
9266
9272
9296
9299
9300
9302
9305
9316
9325
9329
9332
9335
9336
9337
9344
9347
9356
9365
9368
9374
9377
9383
9410
9448
9449
9452
9458
9467
9468
9477
9488
9503
9509
9530
9531
9536
9540
9545
9548
9554
9575
9578
9581
9587
9596
9599
9612
9614
9615
9620
9632
9647
9650
9656
9667
9670
9682
9698
9708
9711
9713
9716
9738
9755
9758
9759
9767
9770
9779
9785
9800
9804
9809
9815
9818
9822
9824
9836
9852
9855
9862
9899
9923
9932
9935
9938
9941
9947
9948
9950
9957
9962
9966
9968
9971
9986
10007
10031
10034
10042
10086
10088
10094
10097
10101
10103
10104
10115
10118
10124
10142
10143
10154
10159
10166
10172
10181
10188
10192
10202
10208
10211
10214
10217
10237
10238
10245
10247
10253
10256
10262
10274
10283
10289
10295
10310
10314
10316
10320
10321
10324
10325
10334
10345
10356
10365
10370
10373
10389
10394
10397
10398
10410
10411
10427
10454
10463
10493
10499
10506
10514
10535
10544
10547
10550
10556
10586
10589
10595
10598
10601
10604
10607
10609
10610
10619
10631
10632
10637
10640
10646
10658
10664
10670
10676
10679
10685
10688
10692
10697
10700
10704
10724
10727
10728
10733
10736
10748
10750
10754
10768
10771
10786
10790
10792
10793
10801
10810
10822
10825
10828
10834
10895
10897
10899
10907
10908
10914
10915
10920
10927
10939
10955
10966
10969
10976
10978
10993
11002
11009
11013
11014
11016
11017
11020
11023
11025
11041
11044
11047
11050
11059
11061
11065
11071
11075
11083
11084
11086
11087
11092
11101
11107
11116
11128
11140
11143
11146
11147
11149
11150
11151
11152
11155
11164
11167
11172
11176
11177
11197
11204
11215
11218
11239
11251
11253
11260
11263
11269
11287
11288
11293
11299
11302
11314
11326
11337
11339
11348
11362
11365
11368
11377
11380
11383
11386
11399
11404
11410
11437
11440
11447
11467
11470
11476
11482
11485
11497
11503
11506
11515
11518
11533
11536
11542
11549
11560
11566
11569
11581
11590
11620
11623
11626
11641
11647
11653
11654
11659
11665
11674
11696
11701
11708
11719
11728
11732
11734
11767
11788
11794
11800
11809
11810
11812
11818
11821
11827
11840
11854
11864
11869
11872
11878
11881
11887
11893
11899
11902
11908
11914
11923
11928
11932
11935
11938
11944
11947
11959
11963
11969
11971
11974
11984
11989
12007
12019
12026
12030
12049
12061
12070
12083
12084
12085
12088
12091
12092
12103
12106
12121
12127
12134
12135
12136
12142
12153
12171
12172
12175
12188
12192
12215
12234
12235
12236
12237
12239
12245
12248
12279
12280
12285
12297
12308
12331
12338
12346
12354
12361
12362
12366
12370
12372
12376
12401
12414
12432
12438
12441
12451
12454
12459
12468
12469
12477
12483
12490
12498
12501
12507
12510
12519
12549
12561
12582
12609
12612
12615
12616
12618
12621
12624
12630
12633
12634
12636
12642
12651
12654
12657
12662
12666
12669
12672
12674
12681
12684
12693
12696
12705
12711
12714
12715
12720
12727
12732
12738
12741
12768
12771
12793
12798
12804
12810
12816
12822
12831
12850
12858
12864
12870
12876
12879
12880
12882
12903
12904
12930
12937
12940
12948
12950
12954
12957
12961
12972
12973
12976
12990
13002
13015
13017
13020
13032
13050
13059
13065
13074
13095
13101
13105
13110
13111
13113
13117
13135
13143
13145
13147
13149
13152
13167
13174
13182
13183
13188
13194
13197
13203
13212
13215
13236
13254
13260
13263
13269
13276
13278
13281
13287
13293
13326
13350
13351
13359
13386
13395
13401
13404
13413
13422
13434
13437
13440
13468
13470
13477
13485
13488
13500
13506
13528
13542
13563
13565
13569
13590
13602
13611
13617
13620
13626
13629
13630
13635
13637
13650
13651
13656
13662
13674
13680
13681
13692
13710
13711
13716
13720
13722
13731
13734
13740
13741
13743
13749
13752
13753
13759
13762
13768
13780
13782
13785
13789
13800
13802
13803
13827
13830
13834
13862
13880
13884
13885
13886
13889
13890
13893
13899
13914
13924
13926
13928
13932
13933
13934
13948
13958
13965
13966
13967
13973
13980
13981
13984
13992
14000
14002
14016
14020
14022
14034
14037
14040
14049
14053
14058
14059
14064
14066
14067
14070
14088
14091
14094
14106
14109
14110
14115
14118
14128
14129
14133
14137
14139
14142
14148
14149
14152
14162
14167
14178
14179
14180
14182
14185
14200
14203
14212
14218
14221
14233
14239
14272
14280
14281
14284
14287
14290
14308
14311
14314
14315
14318
14319
14325
14338
14340
14341
14344
14356
14357
14371
14393
14407
14410
14431
14433
14440
14449
14464
14467
14470
14476
14484
14488
14502
14518
14544
14560
14566
14569
14584
14632
14634
14659
14668
14674
14687
14693
14727
14743
14750
14755
14757
14769
14783
14794
14815
14819
14831
14836
14845
14861
14869
14870
14871
14872
14890
14893
14902
14911
14914
14926
14927
14935
14953
14978
14979
14989
14996
15001
15010
15016
15022
15024
15025
15028
15031
15038
15040
15043
15047
15049
15055
15061
15067
15071
15077
15080
15090
15097
15106
15110
15115
15119
15136
15148
15172
15175
15178
15191
15204
15211
15217
15218
15221
15223
15226
15229
15235
15236
15244
15247
15250
15257
15258
15259
15261
15262
15263
15287
15289
15301
15307
15310
15311
15312
15313
15314
15317
15323
15334
15346
15349
15385
15402
15412
15422
15431
15440
15442
15445
15451
15452
15454
15458
15460
15463
15466
15468
15475
15479
15487
15497
15508
15511
15514
15518
15519
15520
15524
15530
15535
15550
15553
15562
15565
15601
15607
15613
15617
15622
15625
15626
15629
15632
15644
15646
15654
15658
15661
15662
15663
15670
15671
15672
15674
15679
15682
15693
15697
15703
15721
15724
15734
15746
15748
15754
15758
15766
15769
15775
15777
15784
15790
15796
15799
15802
15803
15805
15812
15817
15820
15824
15833
15839
15849
15850
15851
15852
15860
15862
15865
15874
15883
15884
15885
15889
15896
15904
15905
15907
15908
15924
15928
15930
15938
15939
15940
15941
15942
15946
15951
15954
15970
15978
15983
16017
16037
16038
16041
16042
16048
16051
16063
16066
16067
16068
16069
16071
16077
16080
16082
16086
16092
16102
16104
16111
16114
16124
16126
16129
16131
16134
16136
16140
16142
16144
16145
16146
16147
16152
16153
16154
16157
16158
16162
16163
16164
16167
16169
16170
16172
16173
16174
16176
16178
16217
16218
16220
16221
16222
16223
16227
16229
16231
16232
16234
16235
16240
16241
16243
16244
16245
16248
16249
16250
16254
16256
16259
16260
16261
16263
16268
16270
16271
16272
16274
16284
16287
16288
16289
16291
16292
16296
16299
16301
16302
16303
16305
16309
16312
16316
16318
16325
16327
16328
16330
16336
16337
16342
16343
16344
16346
16352
16353
16354
16356
16360
16361
16362
16366
16381
16390
16391
16398
16399
16428
16463
16465
16468
16470
16482
16483
16488
16497
16518
16523
16524
16525
16526

Count of SNPS common to the Haplotree:     2259

SNPS NOT found in Haplotree
523
583
611
1116
1555
1606
1624
1644
3256
3260
3271
3302
3303
3460
3635
3694
3697
3699
3700
3733
3946
4290
4298
4300
4308
4332
4926
5521
5532
5537
5591
5650
5692
5703
5833
6151
6742
6816
6930
7443
7497
7510
7511
7512
7671
8342
8344
8356
8363
9073
9185
9972
9997
10010
10158
10191
10197
10322
10663
11015
12147
12183
12207
12315
12706
12967
13513
14459
14482
14487
14495
14597
14709
15150
15194
15242
15498
15923
15990
16275

Count of SNPS NOT common to the Haplotree:       80
