
SNPS found in Haplo tree
1018
1048
1095
1187
1291
1420
1442
1462
1598
1719
1721
1738
2706
2755
3010
3027
3206
3290
3348
3394
3397
3593
3644
3645
3666
3705
4025
4136
4216
4295
4317
4336
4580
4640
4917
4977
5004
5108
5178
5301
5814
5843
6392
6446
6480
6680
6734
7028
7444
7468
7476
7684
7853
7859
7972
8296
8393
8414
8468
8502
8684
8839
8946
9042
9064
9072
9093
9101
9347
9377
9438
9540
9804
9950
10034
10044
10115
10321
10400
10550
10589
10640
10688
10754
11177
11215
11251
11253
11377
11467
11696
11778
11899
11914
11947
11984
12007
12192
12285
12297
12308
12338
12630
12669
12705
12811
12882
12940
13105
13215
13263
13506
13626
13708
13780
14178
14319
14484
14502
14544
14560
14668
14766
14831
14979
15043
15148
15257
15497
15535
15670
15758
15812
15924
15928
15965
16086
16129
16145
16162
16327
16391

Count of SNPS common to the Haplo tree:      142

SNPS NOT found in Haplo tree
523
1116
1494
1555
1606
1624
2939
2991
3242
3243
3249
3250
3251
3252
3256
3260
3271
3274
3303
3460
3697
3733
3946
3949
4160
4269
4284
4290
4291
4300
4332
4409
4681
4810
5132
5244
5521
5532
5537
5549
5559
5591
5650
5692
5703
5728
5874
5877
5920
6264
6277
6328
6721
6742
6930
7443
7510
7511
7512
7526
7587
7671
7896
8009
8313
8342
8344
8356
8361
8363
8529
8851
9185
9205
9379
9478
9487
9537
9627
9952
9997
10010
10158
10191
10197
10438
10563
10572
12147
12183
12207
12258
12315
12320
12706
12770
12848
13042
13045
13084
13513
13514
14453
14459
14482
14487
14495
14709
14846
14849
14985
15150
15197
15242
15572
15579
15615
15950
15967
15990

Count of SNPS NOT common to the Haplo tree:      120
