
10
16
26
41
42
44
47
53
54
55
56
57
58
59
60
61
62
63
64
65
66
68
70
71
72
73
75
85
89
90
91
92
93
94
95
96
97
103
105
106
108
113
114
119
125
127
128
131
139
143
146
150
151
152
153
154
159
173
178
182
183
184
185
186
188
189
191
192
193
194
195
196
197
198
199
200
202
203
204
205
207
208
209
210
211
212
214
215
217
222
225
226
227
228
234
235
236
237
239
240
241
242
243
244
245
246
247
248
249
250
251
252
255
256
257
258
259
260
261
262
263
264
265
266
267
270
271
272
275
279
280
281
282
285
288
290
291
292
293
294
295
296
297
298
299
309
310
316
317
318
319
321
324
325
326
327
329
333
334
335
337
338
340
356
357
368
373
374
375
380
382
384
385
390
391
394
398
408
417
418
430
431
437
444
447
449
453
455
456
458
459
460
461
462
463
464
466
467
469
470
471
472
473
477
479
480
481
482
485
487
488
489
493
494
497
498
499
502
504
507
508
509
511
512
513
516
517
526
527
533
534
535
537
546
547
548
549
551
552
553
560
569
571
572
573
574
575
591
593
594
595
597
606
614
629
630
633
634
644
647
650
654
656
663
669
676
678
680
681
709
710
711
719
721
722
723
731
732
735
736
739
740
742
744
745
747
750
751
752
761
769
770
783
789
793
794
808
813
814
825
827
850
851
856
862
868
869
870
896
921
928
930
942
951
953
954
957
958
959
960
961
965
978
979
980
983
988
990
1002
1005
1007
1008
1009
1018
1040
1041
1047
1048
1053
1095
1106
1107
1119
1120
1148
1185
1187
1189
1193
1211
1222
1243
1284
1289
1290
1291
1299
1303
1309
1310
1331
1341
1342
1352
1375
1382
1386
1391
1393
1406
1407
1409
1413
1415
1420
1438
1442
1452
1453
1461
1462
1472
1473
1503
1520
1524
1530
1531
1536
1537
1541
1598
1601
1618
1656
1664
1670
1673
1677
1686
1692
1694
1700
1703
1706
1709
1710
1711
1715
1716
1717
1719
1721
1733
1734
1736
1737
1738
1763
1766
1780
1788
1804
1808
1809
1810
1811
1812
1819
1820
1821
1822
1824
1829
1834
1836
1842
1850
1871
1872
1888
1900
1926
1927
1935
1943
1977
1978
2000
2010
2045
2056
2060
2069
2071
2072
2074
2080
2083
2092
2098
2120
2135
2140
2141
2145
2156
2158
2159
2178
2179
2195
2217
2218
2220
2222
2225
2226
2232
2239
2245
2246
2248
2251
2259
2263
2281
2282
2283
2285
2294
2308
2315
2320
2322
2330
2332
2351
2352
2355
2357
2358
2359
2361
2378
2380
2387
2389
2392
2395
2397
2404
2405
2416
2417
2442
2483
2484
2491
2526
2581
2609
2623
2626
2628
2638
2639
2672
2695
2701
2702
2706
2707
2713
2735
2746
2749
2755
2757
2758
2759
2760
2762
2763
2766
2768
2772
2780
2789
2792
2831
2833
2835
2836
2849
2850
2851
2856
2857
2863
2880
2882
2885
2887
2905
2951
2969
3010
3027
3083
3084
3096
3105
3116
3140
3145
3158
3169
3170
3172
3192
3197
3198
3200
3202
3203
3204
3206
3209
3210
3212
3213
3221
3229
3254
3275
3277
3290
3307
3308
3310
3316
3330
3333
3334
3335
3336
3337
3338
3342
3345
3348
3349
3350
3357
3360
3372
3381
3384
3385
3387
3388
3391
3392
3394
3395
3396
3397
3398
3399
3402
3408
3411
3420
3421
3423
3434
3435
3438
3441
3442
3447
3450
3453
3456
3480
3483
3486
3492
3495
3496
3497
3498
3504
3505
3507
3509
3511
3513
3516
3520
3522
3523
3525
3528
3531
3533
3534
3535
3537
3540
3543
3546
3547
3548
3549
3552
3558
3564
3565
3567
3571
3573
3576
3579
3582
3588
3591
3592
3593
3594
3600
3606
3613
3615
3618
3621
3624
3630
3644
3645
3648
3651
3654
3663
3666
3669
3672
3675
3687
3688
3693
3696
3702
3705
3714
3720
3721
3729
3736
3738
3741
3744
3745
3750
3753
3756
3759
3766
3768
3777
3780
3783
3796
3798
3808
3816
3817
3819
3820
3822
3826
3828
3832
3834
3840
3843
3847
3849
3852
3861
3866
3867
3873
3879
3882
3892
3894
3897
3906
3909
3912
3915
3918
3921
3927
3936
3948
3957
3960
3969
3970
3972
3975
3981
3984
3987
3990
3992
3995
3996
3999
4002
4011
4012
4013
4017
4020
4021
4023
4024
4025
4026
4029
4038
4044
4047
4048
4050
4052
4053
4059
4062
4065
4071
4079
4080
4084
4086
4088
4092
4093
4095
4099
4101
4102
4104
4106
4107
4113
4117
4122
4123
4129
4131
4132
4135
4136
4137
4140
4155
4158
4161
4164
4167
4170
4171
4172
4181
4185
4188
4191
4194
4197
4198
4200
4203
4204
4205
4206
4209
4212
4216
4218
4219
4221
4224
4225
4226
4227
4230
4231
4232
4233
4234
4242
4243
4248
4254
4257
4259
4260
4295
4310
4312
4313
4314
4315
4316
4317
4335
4336
4342
4343
4350
4363
4370
4371
4381
4385
4386
4388
4392
4394
4395
4418
4435
4452
4454
4464
4466
4484
4491
4496
4502
4505
4506
4508
4512
4525
4529
4538
4541
4550
4553
4561
4562
4574
4577
4580
4586
4592
4596
4598
4612
4616
4634
4639
4640
4643
4646
4654
4655
4659
4670
4673
4674
4676
4679
4680
4688
4695
4696
4697
4703
4705
4706
4707
4709
4711
4712
4715
4721
4722
4727
4732
4733
4734
4735
4736
4739
4742
4745
4748
4755
4763
4767
4769
4772
4775
4781
4787
4790
4793
4796
4802
4808
4811
4814
4820
4823
4824
4829
4833
4838
4841
4843
4844
4850
4851
4853
4856
4859
4883
4884
4895
4896
4902
4904
4907
4911
4913
4916
4917
4924
4928
4931
4936
4937
4943
4949
4958
4959
4960
4964
4965
4967
4970
4973
4976
4977
4991
4997
5004
5021
5024
5027
5029
5036
5045
5046
5048
5049
5051
5054
5060
5063
5069
5074
5075
5076
5081
5082
5084
5087
5090
5093
5096
5100
5102
5104
5108
5111
5118
5120
5124
5127
5128
5130
5135
5141
5147
5153
5157
5162
5165
5174
5177
5178
5181
5186
5187
5192
5194
5196
5198
5201
5205
5206
5211
5213
5231
5234
5237
5240
5249
5250
5252
5255
5261
5262
5263
5264
5265
5267
5270
5276
5277
5285
5291
5297
5298
5300
5301
5302
5309
5315
5319
5321
5322
5324
5325
5331
5333
5336
5342
5348
5351
5360
5366
5372
5375
5378
5387
5390
5393
5414
5417
5418
5420
5423
5426
5427
5432
5435
5437
5441
5442
5450
5452
5456
5459
5460
5461
5463
5465
5466
5471
5480
5483
5486
5489
5492
5493
5494
5495
5498
5499
5501
5503
5507
5508
5509
5510
5514
5515
5527
5539
5553
5554
5557
5558
5563
5567
5568
5580
5581
5582
5583
5584
5585
5586
5587
5592
5601
5603
5608
5618
5628
5633
5655
5656
5686
5704
5711
5744
5746
5747
5752
5773
5774
5775
5780
5782
5783
5785
5788
5790
5811
5813
5814
5817
5821
5823
5824
5826
5836
5839
5843
5846
5892
5893
5894
5896
5899
5910
5911
5913
5915
5918
5922
5930
5951
5960
5964
5969
5978
5979
5981
5984
5985
5987
5999
6002
6005
6014
6018
6020
6023
6026
6032
6035
6040
6041
6045
6047
6050
6053
6060
6071
6074
6077
6083
6086
6092
6098
6101
6113
6116
6119
6122
6125
6128
6131
6134
6146
6150
6152
6156
6164
6167
6170
6173
6176
6179
6182
6185
6209
6216
6218
6221
6227
6228
6231
6237
6245
6248
6249
6253
6254
6257
6260
6261
6266
6267
6272
6275
6278
6281
6284
6285
6290
6293
6296
6297
6299
6302
6305
6308
6311
6314
6320
6323
6332
6338
6340
6341
6345
6351
6353
6359
6365
6366
6367
6371
6374
6377
6378
6383
6386
6392
6401
6407
6410
6413
6416
6425
6445
6446
6452
6455
6461
6464
6473
6480
6482
6485
6488
6489
6491
6492
6497
6503
6506
6515
6518
6524
6527
6528
6531
6546
6548
6554
6557
6563
6570
6575
6578
6581
6584
6587
6599
6602
6605
6614
6620
6626
6629
6632
6635
6638
6641
6644
6647
6653
6663
6665
6671
6674
6680
6681
6683
6689
6692
6701
6704
6707
6710
6713
6716
6719
6722
6723
6728
6734
6737
6740
6743
6752
6755
6764
6770
6776
6791
6794
6806
6815
6827
6830
6836
6842
6845
6852
6869
6881
6884
6887
6890
6893
6896
6899
6905
6911
6915
6917
6920
6923
6929
6932
6935
6938
6941
6950
6951
6953
6956
6959
6960
6962
6971
6974
6975
6989
6998
7001
7002
7007
7010
7013
7022
7025
7028
7031
7040
7046
7049
7052
7055
7058
7064
7070
7076
7080
7082
7085
7091
7094
7100
7109
7112
7118
7119
7124
7129
7142
7145
7146
7148
7150
7151
7154
7158
7160
7170
7175
7181
7184
7193
7196
7202
7211
7220
7226
7228
7229
7235
7241
7245
7249
7250
7253
7256
7257
7258
7262
7265
7268
7269
7270
7271
7274
7277
7278
7280
7283
7295
7298
7299
7301
7302
7307
7309
7310
7313
7319
7325
7331
7334
7337
7340
7343
7346
7353
7356
7364
7370
7372
7376
7379
7382
7385
7388
7389
7391
7394
7400
7403
7406
7412
7419
7421
7424
7433
7444
7445
7468
7471
7472
7474
7476
7490
7493
7498
7501
7503
7517
7521
7533
7534
7542
7547
7559
7561
7568
7569
7570
7581
7598
7600
7604
7609
7610
7621
7624
7642
7645
7648
7657
7660
7661
7664
7669
7673
7675
7678
7679
7681
7684
7691
7692
7693
7694
7697
7700
7702
7705
7711
7724
7729
7735
7738
7740
7741
7744
7747
7750
7757
7759
7762
7765
7768
7771
7775
7783
7784
7785
7789
7792
7793
7796
7804
7805
7816
7819
7822
7828
7830
7837
7843
7844
7849
7852
7853
7858
7859
7861
7864
7867
7870
7873
7879
7885
7891
7894
7897
7903
7909
7912
7915
7918
7927
7930
7933
7939
7948
7954
7960
7961
7963
7967
7972
7975
7978
7980
7981
7984
7993
7999
8002
8005
8011
8014
8020
8023
8026
8027
8041
8047
8056
8059
8063
8065
8068
8071
8078
8080
8084
8087
8093
8098
8104
8108
8110
8113
8116
8119
8130
8137
8140
8143
8146
8149
8152
8155
8158
8161
8164
8167
8176
8179
8182
8188
8191
8200
8206
8222
8224
8227
8230
8245
8248
8251
8256
8260
8261
8264
8266
8269
8270
8271
8273
8276
8277
8278
8279
8281
8282
8284
8286
8289
8290
8291
8292
8296
8297
8308
8309
8311
8334
8337
8338
8340
8343
8345
8347
8348
8360
8379
8380
8381
8383
8386
8387
8388
8389
8392
8393
8395
8396
8400
8404
8405
8406
8407
8409
8410
8412
8413
8414
8417
8419
8420
8422
8425
8428
8429
8433
8434
8437
8440
8448
8450
8453
8454
8455
8459
8460
8463
8464
8467
8468
8469
8470
8471
8472
8473
8478
8479
8483
8485
8490
8496
8502
8503
8504
8506
8508
8509
8512
8519
8521
8522
8525
8527
8530
8531
8537
8541
8545
8547
8548
8552
8553
8554
8556
8557
8558
8562
8563
8566
8567
8572
8573
8574
8575
8577
8578
8580
8582
8584
8592
8593
8594
8596
8597
8598
8602
8603
8604
8607
8610
8614
8616
8618
8619
8628
8631
8632
8633
8634
8639
8641
8642
8645
8646
8649
8650
8653
8654
8655
8658
8659
8664
8668
8674
8676
8679
8683
8684
8697
8699
8701
8702
8703
8704
8705
8706
8711
8715
8718
8721
8723
8724
8725
8727
8730
8733
8734
8740
8742
8743
8748
8749
8754
8756
8762
8763
8764
8765
8766
8768
8769
8772
8774
8775
8776
8778
8781
8784
8790
8793
8794
8799
8803
8805
8812
8814
8817
8818
8823
8829
8836
8838
8839
8841
8842
8843
8844
8847
8848
8853
8854
8855
8856
8857
8859
8860
8861
8864
8865
8867
8868
8869
8870
8875
8877
8886
8887
8888
8894
8895
8898
8901
8906
8910
8911
8913
8922
8923
8925
8928
8931
8932
8933
8934
8937
8938
8939
8940
8943
8946
8947
8950
8952
8958
8962
8964
8966
8970
8973
8974
8975
8982
8987
8988
8994
9000
9004
9006
9007
9010
9012
9016
9018
9020
9027
9031
9033
9036
9037
9039
9041
9042
9046
9051
9052
9053
9055
9061
9063
9064
9066
9067
9069
9070
9071
9072
9077
9078
9079
9080
9083
9088
9090
9091
9093
9094
9097
9098
9100
9101
9103
9105
9108
9109
9110
9111
9114
9115
9116
9117
9120
9123
9126
9127
9128
9129
9130
9136
9139
9140
9142
9145
9148
9150
9151
9156
9159
9165
9174
9178
9180
9181
9182
9186
9189
9190
9192
9196
9201
9210
9211
9212
9219
9221
9224
9230
9233
9234
9242
9248
9254
9263
9266
9269
9272
9275
9276
9278
9287
9290
9293
9296
9297
9299
9300
9301
9302
9305
9311
9316
9324
9325
9327
9329
9332
9335
9336
9337
9338
9341
9344
9347
9350
9355
9356
9362
9365
9368
9371
9374
9377
9380
9383
9386
9389
9391
9392
9410
9419
9422
9428
9431
9438
9448
9449
9452
9458
9459
9467
9468
9469
9473
9476
9477
9480
9488
9490
9494
9495
9497
9503
9509
9512
9515
9518
9521
9524
9525
9527
9530
9531
9536
9540
9545
9548
9554
9557
9571
9575
9578
9580
9581
9587
9590
9596
9599
9604
9605
9612
9614
9615
9617
9620
9621
9629
9632
9635
9644
9647
9650
9653
9656
9663
9664
9667
9668
9670
9677
9682
9689
9693
9698
9701
9708
9711
9713
9716
9722
9725
9734
9738
9740
9754
9755
9756
9758
9759
9767
9770
9773
9776
9777
9779
9785
9797
9800
9801
9804
9809
9812
9815
9818
9821
9822
9824
9830
9833
9836
9840
9843
9845
9851
9852
9854
9855
9861
9862
9863
9866
9869
9872
9881
9884
9887
9891
9896
9899
9903
9911
9921
9923
9932
9935
9938
9941
9944
9947
9948
9950
9957
9962
9965
9966
9968
9971
9977
9986
9989
9992
10003
10005
10007
10029
10031
10034
10039
10042
10044
10045
10070
10071
10084
10086
10088
10094
10097
10101
10103
10104
10114
10115
10118
10124
10127
10128
10130
10142
10143
10154
10159
10160
10166
10172
10181
10184
10188
10192
10196
10199
10202
10203
10208
10211
10214
10217
10227
10232
10235
10237
10238
10245
10247
10248
10253
10256
10262
10265
10268
10274
10283
10286
10289
10295
10301
10304
10308
10310
10314
10316
10319
10320
10321
10324
10325
10326
10334
10335
10336
10343
10344
10345
10348
10356
10361
10364
10365
10370
10373
10376
10389
10394
10397
10398
10400
10403
10410
10411
10427
10446
10454
10455
10463
10478
10490
10493
10496
10497
10499
10506
10514
10523
10529
10530
10532
10535
10544
10547
10550
10556
10559
10562
10565
10583
10586
10589
10595
10598
10601
10604
10607
10609
10610
10619
10631
10632
10637
10640
10644
10646
10652
10653
10654
10658
10664
10667
10670
10676
10679
10682
10685
10688
10691
10692
10694
10697
10698
10700
10704
10707
10709
10724
10727
10728
10733
10736
10742
10745
10748
10750
10754
10768
10771
10775
10783
10784
10786
10790
10792
10793
10801
10807
10810
10813
10816
10819
10822
10825
10828
10834
10837
10845
10858
10861
10873
10874
10876
10885
10891
10895
10897
10899
10903
10907
10908
10914
10915
10920
10922
10924
10927
10931
10936
10939
10942
10951
10954
10955
10966
10969
10972
10976
10978
10987
10993
11002
11008
11009
11013
11014
11016
11017
11020
11023
11024
11025
11029
11038
11041
11044
11047
11050
11059
11061
11062
11065
11069
11071
11075
11077
11078
11083
11084
11086
11087
11092
11101
11107
11113
11116
11122
11128
11137
11140
11143
11144
11146
11147
11149
11150
11151
11152
11155
11164
11167
11172
11176
11177
11191
11197
11203
11204
11207
11215
11218
11221
11224
11227
11233
11239
11242
11248
11251
11252
11253
11254
11255
11257
11260
11263
11266
11268
11269
11272
11287
11288
11293
11296
11299
11302
11308
11314
11317
11318
11321
11323
11326
11329
11332
11335
11337
11339
11341
11344
11348
11350
11353
11359
11362
11365
11368
11371
11374
11377
11380
11383
11386
11389
11399
11404
11407
11409
11410
11413
11416
11422
11428
11431
11437
11440
11447
11458
11465
11467
11470
11476
11482
11485
11491
11497
11503
11506
11515
11518
11521
11527
11533
11536
11539
11542
11548
11549
11551
11554
11557
11560
11566
11569
11581
11582
11590
11611
11617
11620
11623
11626
11629
11632
11641
11647
11653
11654
11659
11662
11665
11671
11674
11692
11696
11701
11708
11710
11719
11722
11725
11728
11732
11734
11735
11743
11761
11764
11767
11770
11776
11778
11782
11788
11794
11797
11800
11809
11810
11812
11815
11818
11821
11827
11840
11852
11854
11857
11864
11869
11872
11875
11878
11881
11884
11887
11890
11893
11899
11902
11908
11914
11923
11928
11929
11932
11935
11938
11941
11944
11947
11950
11959
11962
11963
11965
11968
11969
11971
11974
11977
11984
11989
11992
12007
12011
12012
12017
12019
12020
12022
12025
12026
12028
12030
12031
12040
12049
12061
12063
12070
12073
12083
12084
12085
12088
12091
12092
12094
12097
12103
12106
12121
12123
12127
12130
12133
12134
12135
12136
12142
12151
12153
12161
12164
12166
12171
12172
12173
12175
12178
12188
12189
12190
12192
12215
12217
12223
12234
12235
12236
12237
12239
12245
12246
12248
12267
12268
12279
12280
12285
12295
12297
12303
12308
12310
12311
12331
12338
12346
12351
12354
12358
12361
12362
12363
12366
12370
12372
12373
12375
12376
12378
12379
12384
12396
12397
12398
12400
12401
12403
12405
12406
12408
12410
12411
12414
12425
12432
12436
12438
12441
12447
12451
12453
12454
12459
12462
12465
12468
12469
12474
12477
12480
12483
12490
12491
12492
12498
12501
12507
12510
12512
12519
12528
12530
12535
12542
12546
12549
12557
12561
12562
12570
12582
12591
12603
12609
12612
12615
12616
12618
12621
12624
12627
12630
12633
12634
12636
12642
12648
12651
12654
12657
12661
12662
12666
12669
12672
12674
12675
12678
12681
12684
12693
12696
12705
12711
12714
12715
12720
12727
12729
12732
12738
12741
12750
12753
12756
12768
12771
12777
12780
12793
12795
12798
12804
12810
12811
12813
12816
12822
12831
12834
12842
12843
12850
12855
12858
12864
12870
12873
12876
12879
12880
12882
12890
12891
12897
12903
12904
12906
12909
12915
12923
12930
12937
12940
12948
12950
12954
12957
12961
12966
12972
12973
12975
12976
12978
12990
13002
13015
13017
13020
13032
13035
13044
13047
13050
13056
13059
13062
13065
13068
13074
13080
13086
13089
13095
13101
13104
13105
13110
13111
13113
13116
13117
13125
13129
13132
13135
13140
13143
13144
13145
13147
13149
13152
13158
13161
13167
13174
13182
13183
13184
13188
13191
13194
13197
13203
13204
13212
13215
13221
13236
13239
13246
13251
13254
13260
13263
13269
13272
13276
13278
13281
13285
13287
13293
13303
13308
13317
13323
13326
13327
13350
13351
13356
13359
13362
13368
13371
13383
13386
13392
13395
13398
13401
13404
13407
13413
13416
13419
13420
13422
13431
13434
13437
13440
13443
13449
13452
13461
13466
13468
13470
13477
13479
13485
13488
13497
13500
13506
13512
13528
13539
13542
13547
13557
13563
13565
13569
13572
13573
13575
13581
13590
13599
13602
13611
13612
13614
13615
13617
13620
13626
13629
13630
13635
13637
13650
13651
13656
13659
13661
13662
13674
13680
13681
13687
13692
13707
13708
13710
13711
13713
13716
13720
13722
13725
13731
13734
13740
13741
13742
13743
13748
13749
13752
13753
13754
13755
13759
13762
13767
13768
13770
13773
13780
13782
13785
13788
13789
13790
13791
13800
13802
13803
13806
13810
13812
13813
13818
13819
13820
13827
13830
13833
13834
13836
13855
13857
13862
13866
13869
13879
13880
13884
13885
13886
13887
13889
13890
13893
13899
13908
13911
13914
13917
13924
13926
13928
13932
13933
13934
13942
13943
13948
13953
13954
13956
13958
13959
13965
13966
13967
13968
13973
13980
13981
13984
13992
13993
14000
14001
14002
14003
14004
14007
14013
14016
14020
14022
14025
14027
14028
14029
14034
14037
14040
14041
14047
14049
14052
14053
14058
14059
14061
14062
14063
14064
14066
14067
14070
14071
14088
14091
14094
14097
14103
14106
14109
14110
14115
14118
14121
14122
14125
14127
14128
14129
14130
14133
14137
14139
14142
14148
14149
14152
14155
14158
14161
14162
14167
14178
14179
14180
14182
14185
14189
14193
14194
14198
14200
14203
14207
14209
14211
14212
14215
14218
14220
14221
14224
14227
14233
14239
14245
14248
14249
14258
14259
14260
14272
14274
14275
14278
14280
14281
14284
14287
14290
14296
14299
14302
14305
14308
14311
14314
14315
14318
14319
14323
14324
14325
14326
14337
14338
14340
14341
14344
14350
14356
14357
14364
14365
14370
14371
14374
14384
14388
14392
14393
14404
14405
14407
14410
14417
14420
14431
14433
14440
14443
14449
14452
14455
14461
14464
14467
14470
14476
14484
14485
14488
14491
14494
14497
14500
14501
14502
14512
14515
14518
14524
14527
14530
14533
14540
14544
14548
14550
14552
14553
14560
14562
14566
14569
14571
14574
14577
14581
14582
14584
14587
14599
14602
14605
14620
14629
14632
14634
14659
14668
14669
14674
14683
14684
14687
14692
14693
14696
14706
14727
14743
14750
14751
14755
14757
14766
14767
14769
14770
14783
14788
14790
14791
14793
14794
14798
14800
14812
14815
14818
14819
14831
14836
14839
14845
14851
14857
14861
14862
14863
14866
14867
14869
14870
14871
14872
14883
14890
14893
14894
14902
14905
14911
14914
14921
14926
14927
14929
14935
14944
14950
14953
14956
14959
14965
14968
14971
14974
14978
14979
14981
14989
14990
14996
15001
15010
15014
15016
15022
15024
15025
15028
15031
15038
15040
15043
15046
15047
15049
15052
15055
15058
15061
15067
15070
15071
15074
15076
15077
15080
15082
15088
15090
15094
15095
15097
15099
15103
15106
15109
15110
15113
15115
15119
15136
15139
15145
15148
15157
15172
15175
15178
15184
15191
15193
15199
15204
15208
15211
15213
15217
15218
15221
15223
15224
15226
15229
15235
15236
15241
15244
15247
15250
15257
15258
15259
15261
15262
15263
15287
15289
15292
15295
15299
15300
15301
15304
15307
15310
15311
15312
15313
15314
15315
15317
15323
15325
15326
15327
15328
15331
15334
15337
15338
15340
15341
15346
15349
15352
15355
15358
15363
15367
15370
15373
15377
15379
15380
15381
15383
15385
15386
15388
15391
15394
15402
15409
15412
15418
15421
15422
15431
15436
15440
15442
15445
15448
15449
15451
15452
15453
15454
15458
15459
15460
15461
15463
15466
15468
15469
15470
15475
15479
15481
15487
15490
15496
15497
15499
15508
15509
15510
15511
15512
15514
15516
15518
15519
15520
15521
15523
15524
15529
15530
15533
15535
15541
15544
15547
15550
15553
15562
15565
15574
15586
15589
15592
15596
15601
15607
15613
15617
15622
15625
15626
15628
15629
15631
15632
15634
15638
15644
15646
15647
15650
15651
15652
15654
15658
15661
15662
15663
15664
15670
15671
15672
15674
15676
15679
15682
15691
15692
15693
15697
15700
15703
15712
15713
15715
15719
15721
15724
15725
15731
15734
15735
15737
15742
15746
15748
15754
15757
15758
15760
15763
15766
15769
15770
15773
15775
15777
15781
15784
15787
15789
15790
15791
15793
15796
15799
15802
15803
15805
15811
15812
15817
15820
15824
15832
15833
15836
15839
15844
15847
15848
15849
15850
15851
15852
15853
15860
15862
15865
15868
15874
15877
15880
15883
15884
15885
15886
15889
15891
15892
15894
15896
15900
15901
15903
15904
15905
15907
15908
15910
15912
15913
15916
15917
15924
15927
15928
15930
15935
15936
15937
15938
15939
15940
15941
15942
15944
15945
15946
15947
15951
15954
15965
15968
15970
15978
15983
16000
16017
16037
16038
16039
16041
16042
16048
16051
16063
16066
16067
16068
16069
16070
16071
16074
16075
16077
16079
16080
16082
16083
16086
16092
16093
16095
16097
16098
16102
16104
16108
16111
16113
16114
16124
16126
16129
16131
16134
16136
16140
16142
16144
16145
16146
16147
16148
16150
16152
16153
16154
16155
16157
16158
16160
16162
16163
16164
16166
16167
16168
16169
16170
16171
16172
16173
16174
16175
16176
16177
16178
16179
16181
16182
16183
16184
16185
16186
16187
16188
16189
16190
16192
16193
16194
16195
16201
16203
16206
16207
16209
16211
16212
16213
16214
16215
16216
16217
16218
16219
16220
16221
16222
16223
16224
16225
16227
16229
16230
16231
16232
16233
16234
16235
16239
16240
16241
16242
16243
16244
16245
16246
16247
16248
16249
16250
16254
16255
16256
16257
16258
16259
16260
16261
16262
16263
16264
16265
16266
16268
16269
16270
16271
16272
16274
16275
16276
16278
16284
16286
16287
16288
16289
16290
16291
16292
16293
16294
16295
16296
16297
16298
16299
16300
16301
16302
16303
16304
16305
16309
16311
16312
16316
16317
16318
16319
16320
16323
16324
16325
16327
16328
16330
16331
16335
16336
16337
16342
16343
16344
16346
16352
16353
16354
16355
16356
16357
16359
16360
16361
16362
16365
16366
16368
16370
16381
16390
16391
16392
16398
16399
16400
16422
16428
16429
16438
16456
16463
16465
16466
16467
16468
16470
16471
16474
16482
16483
16488
16491
16494
16497
16518
16519
16523
16524
16525
16526
16527
16545
